2
7e-05
2e-05
0.028416
0.011296
0.016384
0.01616
0.022272
0.018464
5e-05
2e-05
0.000291
0.02304
0.022688
4
9.1e-05
5e-05
0.021952
0.012672
0.016544
0.016192
0.022816
0.018112
8e-05
6e-05
0.000681
0.0232
0.0224
8
0.00034
0.0001
0.019808
0.013184
0.030048
0.027808
0.021184
0.01776
0.000651
0.000471
0.001903
0.03424
0.033408
10
0.000651
0.000421
0.029184
0.021184
0.027456
0.026464
0.022432
0.018464
0.002185
0.001853
0.00522
0.034048
0.033472
15
0.017503
0.01548
0.027328
0.026848
0.03984
0.03904
0.023104
0.020384
0.062198
0.058741
0.183698
0.047296
0.045472
20
0.653047
0.636355
0.214848
0.214144
0.269568
0.272928
0.302208
0.182688
1.85969
1.8767
6.14675
0.368096
0.454112
25
26.3133
20.3762
5.80374
7.06064
6.83888
6.2832
1.02957
1.02858
61.6844
62.6342
235.577
9.63056
9.95472
27
81.1722
83.0083
23.0215
18.5987
24.2505
24.2091
3.15331
3.1527
230.532
239.606
902.052
39.9164
34.9404
